Camera.Parameters=[ 0.958677 1.29634 0.50132 0.35914 0.48697 ]
Camera.Index=1
